[16:41:19.012]收←◆7E 32 35 30 32 34 36 39 30 30 30 30 30 46 44 41 34 0D            主机查询02
[16:41:19.236]收←◆7E 32 35 30 32 34 36 30 30 45 30 30 32 30 32 46 44 33 39 0D   02从机回复
                                                                      45 30之后30 32就是02H  后面的30 32就是command group 02H 代表获取第2组电池数据


[16:41:33.021]收←◆7E 32 35 30 32 34 36 34 32 45 30 30 32 30 32 46 44 32 45 0D  主机针对02发送42命令
[16:41:33.261]收←◆7E 32 35 30 32 34 36 30 30 45 30 38 41 30 30 30 32 31 30 30 43 46 39 30 43 45 37 30 43 35 44 30 43 39 39 30 43 44 39 30 43 45 37 30 43 45 30 30 43 45 34 30 43 45 36 30 43 45 39 30 43 45 30 30 43 45 38 30 43 45 37 30 43 44 46 30 46 30 46 30 43 45 37 30 39 30 30 46 41 30 30 46 41 30 31 30 34 30 31 32 43 30 31 30 34 30 30 46 41 30 30 46 41 30 30 46 41 30 30 46 41 46 46 46 45 31 34 42 36 30 30 30 35 30 32 30 34 42 30 30 30 30 30 30 34 42 30 30 30 30 30 44 46 30 34 0D 

[16:41:47.046]收←◆7E 32 35 30 32 34 36 34 34 45 30 30 32 30 32 46 44 32 43 0D  主机针对03发送44命令
[16:41:47.270]收←◆7E 32 35 30 32 34 36 30 30 39 30 35 32 30 30 30 32 31 30 30 30 30 30 30 30 30 30 30 30 30 30 30 30 30 30 30 
30 30 30 30 30 30 30 30 30 30 30 30 32 30 30 30 39 30 32 30 32 30 32 30 32 30 32 30 32 30 32 30 32 30 32 30 30 30 32 30 32 30 31 30 30 30 34 30 30 30 30 30 30 30 30 30 31 38 30 45 45 31 30 0D 




[16:42:01.071]收←◆7E 32 35 30 32 34 36 39 30 30 30 30 30 46 44 41 34 0D 
[16:42:01.310]收←◆7E 32 30 30 32 34 36 30 30 45 30 30 32 30 32 46 44 33 39 0D 

[16:42:02.062]收←◆7E 32 35 30 33 34 36 39 30 30 30 30 30 46 44 41 33 0D 
[16:42:03.084]收←◆7E 32 35 30 34 34 36 39 30 30 30 30 30 46 44 41 32 0D 
[16:42:04.074]收←◆7E 32 35 30 35 34 36 39 30 30 30 30 30 46 44 41 31 0D 